14
DHMECN19308_Pristimantis_sp               0.0000000 0.4648743 0.4653275 0.5385478 0.5258274 0.5569684 0.5511009 0.4213217 0.4160835 0.4167799 0.4258739 0.6841598 0.5400707 0.6072864 
DHMECN19363_Pristimantis_sp               0.4648743 0.0000000 0.0050213 0.5660280 0.5538168 0.5472838 0.5469852 0.4813881 0.4767183 0.4772851 0.4907174 0.6713452 0.6006089 0.6573386 
DHMECN19363_Pristimantis_sp1              0.4653275 0.0050213 0.0000000 0.5658651 0.5536562 0.5469855 0.5514148 0.5134061 0.5090875 0.5094631 0.5233325 0.6780367 0.6246765 0.6456845 
DHMECN19309_Pristimantis_sp               0.5385478 0.5660280 0.5658651 0.0000000 0.0246775 0.0309019 0.0210026 0.5125154 0.5208828 0.5161426 0.5297768 0.6429568 0.5793706 0.6156678 
DHMECN19306_Pristimantis_cf_tamiai        0.5258274 0.5538168 0.5536562 0.0246775 0.0000000 0.0162817 0.0126074 0.4881635 0.4953814 0.4911719 0.5036200 0.6408346 0.5572544 0.6159499 
DHMECN19306_Pristimantis_cf_tamia         0.5569684 0.5472838 0.5469855 0.0309019 0.0162817 0.0000000 0.0135335 0.5203803 0.5316956 0.5234720 0.5389314 0.6296855 0.5372770 0.5915095 
DHMECN19309_Pristimantis_sp1              0.5511009 0.5469852 0.5514148 0.0210026 0.0126074 0.0135335 0.0000000 0.5278325 0.5382305 0.5309905 0.5454419 0.6267553 0.5511724 0.5828092 
DHMECN19290_Pristimantis_cf_incomptus_1   0.4213217 0.4813881 0.5134061 0.5125154 0.4881635 0.5203803 0.5278325 0.0000000 0.0098849 0.0098224 0.0118313 0.6106022 0.4368961 0.4527366 
DHMECN19290_Pristimantis_cf_incomptus     0.4160835 0.4767183 0.5090875 0.5208828 0.4953814 0.5316956 0.5382305 0.0098849 0.0000000 0.0058654 0.0058342 0.6306825 0.4408540 0.4612144 
DHMECN19292_Pristimantis_sp_grp_incomptus 0.4167799 0.4772851 0.5094631 0.5161426 0.4911719 0.5234720 0.5309905 0.0098224 0.0058654 0.0000000 0.0019360 0.6200708 0.4341497 0.4505167 
DHMECN19305_Pristimantis_tamia            0.4258739 0.4907174 0.5233325 0.5297768 0.5036200 0.5389314 0.5454419 0.0118313 0.0058342 0.0019360 0.0000000 0.6364699 0.4391196 0.4638556 
Pristimantis_vanadise_voucher_SBH268524   0.6841598 0.6713452 0.6780367 0.6429568 0.6408346 0.6296855 0.6267553 0.6106022 0.6306825 0.6200708 0.6364699 0.0000000 0.5466534 0.5239369 
DHMECN19300_Pristimantis_mallii           0.5400707 0.6006089 0.6246765 0.5793706 0.5572544 0.5372770 0.5511724 0.4368961 0.4408540 0.4341497 0.4391196 0.5466534 0.0000000 0.0057708 
DHMECN19300_Pristimantis_malliii          0.6072864 0.6573386 0.6456845 0.6156678 0.6159499 0.5915095 0.5828092 0.4527366 0.4612144 0.4505167 0.4638556 0.5239369 0.0057708 0.0000000 
