32
Pristimantis_vanadise_voucher_SBH268524              0.0000000 0.3208457 0.3099608 0.3221707 0.3136639 0.3224616 0.3686851 0.3724886 0.3273863 0.3362758 0.3487337 0.3353131 0.3451778 0.3343460 0.3660032 0.2909800 0.3050734 0.2937267 0.2648068 0.2683245 0.3454409 0.3651675 0.3472896 0.3116878 0.2738207 0.2680410 0.2446325 0.3215190 0.2923719 0.3562326 0.2819278 0.3082850 
DHMECN19309_Pristimantis_sp                          0.3208457 0.0000000 0.0121390 0.0152036 0.0103149 0.3478822 0.3092955 0.3104940 0.2734928 0.2412508 0.2445714 0.2333910 0.2403961 0.3009974 0.2900790 0.2382117 0.3371217 0.2400240 0.2825758 0.2855801 0.3325529 0.3318545 0.3219336 0.2884486 0.2785036 0.2739420 0.2301986 0.3382286 0.3171092 0.3313784 0.3103826 0.3327848 
DHMECN19306_Pristimantis_cf_tamiai                   0.3099608 0.0121390 0.0000000 0.0079920 0.0061843 0.3266208 0.3065157 0.3076371 0.2622950 0.2266928 0.2295299 0.2196962 0.2259577 0.2893311 0.2825295 0.2245188 0.3243124 0.2228734 0.2558319 0.2585254 0.3031361 0.2965189 0.2900834 0.2655759 0.2636243 0.2516536 0.2111870 0.3187555 0.3174736 0.3132651 0.3087169 0.3136338 
DHMECN19306_Pristimantis_cf_tamia                    0.3221707 0.0152036 0.0079920 0.0000000 0.0066328 0.3731457 0.3065848 0.3075106 0.2902028 0.2562675 0.2644592 0.2495881 0.2607508 0.2831180 0.3005466 0.2282535 0.3239562 0.2452051 0.2594659 0.2636990 0.3056280 0.3261489 0.2793345 0.2914287 0.2751405 0.2589229 0.2220548 0.3333403 0.3155041 0.3149500 0.3088266 0.3268295 
DHMECN19309_Pristimantis_sp1                         0.3136639 0.0103149 0.0061843 0.0066328 0.0000000 0.3664631 0.3042120 0.3077799 0.2848421 0.2583681 0.2651593 0.2517330 0.2614633 0.2839228 0.2946303 0.2312787 0.3058057 0.2390170 0.2585215 0.2627297 0.3015428 0.3202660 0.2819174 0.2800777 0.2676671 0.2564876 0.2234816 0.3297501 0.3032125 0.3164543 0.2991330 0.3232675 
Pristimantis_sp._QCAZ70020_MZ241536.1                0.3224616 0.3478822 0.3266208 0.3731457 0.3664631 0.0000000 0.3432865 0.3541554 0.3449460 0.3285792 0.3360835 0.3191300 0.3272086 0.2440105 0.4055254 0.3314702 0.1521586 0.2797798 0.2546881 0.2442161 0.2600490 0.2585817 0.2192145 0.2260868 0.2584162 0.2784440 0.2232494 0.2263710 0.2703968 0.2616487 0.2642017 0.2218376 
DHMECN19363_Pristimantis_sp                          0.3686851 0.3092955 0.3065157 0.3065848 0.3042120 0.3432865 0.0000000 0.0024653 0.2884531 0.2737299 0.2740359 0.2630998 0.2709857 0.3270287 0.3034528 0.2150310 0.3430902 0.2679892 0.2923563 0.2926278 0.2976477 0.3263606 0.2787830 0.3177226 0.2796484 0.2678798 0.2277773 0.3079935 0.3349678 0.3084518 0.3299573 0.3032795 
DHMECN19363_Pristimantis_sp1                         0.3724886 0.3104940 0.3076371 0.3075106 0.3077799 0.3541554 0.0024653 0.0000000 0.3003318 0.2901837 0.2905168 0.2792436 0.2872712 0.3286205 0.3061591 0.2204053 0.3407080 0.2689161 0.2908034 0.2929988 0.3075451 0.3352340 0.2860634 0.3227909 0.2844033 0.2691589 0.2341970 0.3138684 0.3350766 0.3204633 0.3316552 0.3091058 
Pristimantis_incomptus_QCAZ59041_MK829659.1          0.3273863 0.2734928 0.2622950 0.2902028 0.2848421 0.3449460 0.2884531 0.3003318 0.0000000 0.0058291 0.0038799 0.0028976 0.0048553 0.2490833 0.2147998 0.2681262 0.3281194 0.2015235 0.2338043 0.2383782 0.2322456 0.2467686 0.2339389 0.2628747 0.3745822 0.2510456 0.3255036 0.2498935 0.2729241 0.2902349 0.2610734 0.2466178 
DHMECN19290_Pristimantis_cf_incomptus_1              0.3362758 0.2412508 0.2266928 0.2562675 0.2583681 0.3285792 0.2737299 0.2901837 0.0058291 0.0000000 0.0048335 0.0048049 0.0057915 0.2631681 0.2113001 0.1611249 0.3133925 0.1945682 0.2032083 0.2052793 0.2341520 0.2399110 0.2313119 0.2597326 0.2275301 0.2219943 0.2010248 0.2431766 0.2546990 0.2788821 0.2447255 0.2436872 
DHMECN19290_Pristimantis_cf_incomptus                0.3487337 0.2445714 0.2295299 0.2644592 0.2651593 0.3360835 0.2740359 0.2905168 0.0038799 0.0048335 0.0000000 0.0028690 0.0028546 0.2626067 0.2157649 0.1609701 0.3188504 0.1956431 0.2122387 0.2144421 0.2386981 0.2509754 0.2302429 0.2662018 0.2356420 0.2253784 0.2054333 0.2451639 0.2598285 0.2793873 0.2497903 0.2419090 
DHMECN19292_Pristimantis_sp_grp_incomptus            0.3353131 0.2333910 0.2196962 0.2495881 0.2517330 0.3191300 0.2630998 0.2792436 0.0028976 0.0048049 0.0028690 0.0000000 0.0009455 0.2545187 0.2056040 0.1576487 0.3043554 0.1856197 0.1973057 0.1993066 0.2290881 0.2355931 0.2232969 0.2473281 0.2233750 0.2158175 0.1971245 0.2348011 0.2481112 0.2709595 0.2381630 0.2314895 
DHMECN19305_Pristimantis_tamia                       0.3451778 0.2403961 0.2259577 0.2607508 0.2614633 0.3272086 0.2709857 0.2872712 0.0048553 0.0057915 0.0028546 0.0009455 0.0000000 0.2545187 0.2174135 0.1620644 0.3104442 0.1939626 0.2093175 0.2114660 0.2290881 0.2426607 0.2227446 0.2579849 0.2334606 0.2222750 0.2035762 0.2372843 0.2561974 0.2738463 0.2462553 0.2339932 
Pristimantis_miktos_QCAZ55445_MZ241510.1             0.3343460 0.3009974 0.2893311 0.2831180 0.2839228 0.2440105 0.3270287 0.3286205 0.2490833 0.2631681 0.2626067 0.2545187 0.2545187 0.0000000 0.2603106 0.2387246 0.2572742 0.1926144 0.1929219 0.1910377 0.1834535 0.1688641 0.1727647 0.1509585 0.1913724 0.2211746 0.1518769 0.1900282 0.1885401 0.1913140 0.1885401 0.1874438 
DHMECN19308_Pristimantis_sp                          0.3660032 0.2900790 0.2825295 0.3005466 0.2946303 0.4055254 0.3034528 0.3061591 0.2147998 0.2113001 0.2157649 0.2056040 0.2174135 0.2603106 0.0000000 0.1737240 0.3772890 0.1805045 0.2680383 0.2733569 0.3046952 0.2958950 0.2608135 0.2895402 0.2798985 0.2945995 0.2448800 0.2972465 0.3314918 0.3123460 0.3278967 0.2951592 
Pristimantis_unistrigatus_KU218057_EF493387.1        0.2909800 0.2382117 0.2245188 0.2282535 0.2312787 0.3314702 0.2150310 0.2204053 0.2681262 0.1611249 0.1609701 0.1576487 0.1620644 0.2387246 0.1737240 0.0000000 0.2758996 0.1421991 0.2161993 0.2190961 0.2594276 0.2644816 0.2311717 0.2426336 0.1886049 0.2297802 0.1676242 0.2659076 0.2723892 0.2834896 0.2666337 0.2629248 
Pristimantis_sp._QCAZ69791_MZ241535.1                0.3050734 0.3371217 0.3243124 0.3239562 0.3058057 0.1521586 0.3430902 0.3407080 0.3281194 0.3133925 0.3188504 0.3043554 0.3104442 0.2572742 0.3772890 0.2758996 0.0000000 0.2828850 0.2660800 0.2657151 0.3067949 0.3108275 0.2676912 0.2658742 0.2413811 0.2624344 0.2291739 0.2698915 0.2770317 0.2747848 0.2816970 0.2617975 
Pristimantis_sp._QCAZ47353_MK881491.1                0.2937267 0.2400240 0.2228734 0.2452051 0.2390170 0.2797798 0.2679892 0.2689161 0.2015235 0.1945682 0.1956431 0.1856197 0.1939626 0.1926144 0.1805045 0.1421991 0.2828850 0.0000000 0.2518350 0.2539881 0.2438514 0.2491664 0.2330767 0.2110180 0.2051649 0.2693424 0.1669742 0.2217510 0.2419614 0.2465449 0.2376154 0.2225533 
Pristimantis_verrucolatus_QCAZ45174_MK881467.1       0.2648068 0.2825758 0.2558319 0.2594659 0.2585215 0.2546881 0.2923563 0.2908034 0.2338043 0.2032083 0.2122387 0.1973057 0.2093175 0.1929219 0.2680383 0.2161993 0.2660800 0.2518350 0.0000000 0.0016235 0.1690234 0.1732059 0.1491030 0.1539144 0.0745166 0.0662707 0.0888906 0.1579362 0.1535011 0.1545637 0.1544388 0.1558389 
Pristimantis_verrucolatus_QCAZ46982                  0.2683245 0.2855801 0.2585254 0.2636990 0.2627297 0.2442161 0.2926278 0.2929988 0.2383782 0.2052793 0.2144421 0.1993066 0.2114660 0.1910377 0.2733569 0.2190961 0.2657151 0.2539881 0.0016235 0.0000000 0.1659004 0.1705475 0.1467019 0.1515321 0.0740889 0.0653334 0.0885025 0.1555380 0.1549392 0.1517705 0.1550287 0.1534070 
Pristimantis_sp_QCAZ45775_MZ241497.1                 0.3454409 0.3325529 0.3031361 0.3056280 0.3015428 0.2600490 0.2976477 0.3075451 0.2322456 0.2341520 0.2386981 0.2290881 0.2290881 0.1834535 0.3046952 0.2594276 0.3067949 0.2438514 0.1690234 0.1659004 0.0000000 0.0000010 0.0000010 0.0973250 0.1756653 0.1917674 0.1549439 0.1672738 0.1672738 0.1672738 0.1672738 0.1672738 
Pristimantis_sp._n._QCAZ45743_MZ241491.1             0.3651675 0.3318545 0.2965189 0.3261489 0.3202660 0.2585817 0.3263606 0.3352340 0.2467686 0.2399110 0.2509754 0.2355931 0.2426607 0.1688641 0.2958950 0.2644816 0.3108275 0.2491664 0.1732059 0.1705475 0.0000010 0.0000000 0.0000010 0.1041413 0.1831226 0.1971580 0.1604799 0.1612425 0.1639532 0.1639532 0.1639532 0.1643816 
Pristimantis_sp._n._QCAZ45744_MZ241492.1             0.3472896 0.3219336 0.2900834 0.2793345 0.2819174 0.2192145 0.2787830 0.2860634 0.2339389 0.2313119 0.2302429 0.2232969 0.2227446 0.1727647 0.2608135 0.2311717 0.2676912 0.2330767 0.1491030 0.1467019 0.0000010 0.0000010 0.0000000 0.0857605 0.1594974 0.1703003 0.1398607 0.1466745 0.1429269 0.1429269 0.1429269 0.1420069 
Pristimantis_sp._QCAZ_58855_MZ241514.1               0.3116878 0.2884486 0.2655759 0.2914287 0.2800777 0.2260868 0.3177226 0.3227909 0.2628747 0.2597326 0.2662018 0.2473281 0.2579849 0.1509585 0.2895402 0.2426336 0.2658742 0.2110180 0.1539144 0.1515321 0.0973250 0.1041413 0.0857605 0.0000000 0.1387354 0.1686160 0.1353182 0.1143635 0.1190103 0.1190103 0.1190103 0.1141913 
KU218025_Pristimantis                                0.2738207 0.2785036 0.2636243 0.2751405 0.2676671 0.2584162 0.2796484 0.2844033 0.3745822 0.2275301 0.2356420 0.2233750 0.2334606 0.1913724 0.2798985 0.1886049 0.2413811 0.2051649 0.0745166 0.0740889 0.1756653 0.1831226 0.1594974 0.1387354 0.0000000 0.0848208 0.0986703 0.1408632 0.1619044 0.1629545 0.1483555 0.1437869 
Pristimantis_versicolor_voucher_QCAZ46310_MK881479.1 0.2680410 0.2739420 0.2516536 0.2589229 0.2564876 0.2784440 0.2678798 0.2691589 0.2510456 0.2219943 0.2253784 0.2158175 0.2222750 0.2211746 0.2945995 0.2297802 0.2624344 0.2693424 0.0662707 0.0653334 0.1917674 0.1971580 0.1703003 0.1686160 0.0848208 0.0000000 0.0971253 0.1441042 0.1616602 0.1419485 0.1563530 0.1472981 
Pristimantis_cryophilius_KU217863_EF493672.1         0.2446325 0.2301986 0.2111870 0.2220548 0.2234816 0.2232494 0.2277773 0.2341970 0.3255036 0.2010248 0.2054333 0.1971245 0.2035762 0.1518769 0.2448800 0.1676242 0.2291739 0.1669742 0.0888906 0.0885025 0.1549439 0.1604799 0.1398607 0.1353182 0.0986703 0.0971253 0.0000000 0.1288854 0.1423674 0.1591156 0.1312506 0.1254744 
Pristimantis_sp_QCAZ45780_MZ241498.1                 0.3215190 0.3382286 0.3187555 0.3333403 0.3297501 0.2263710 0.3079935 0.3138684 0.2498935 0.2431766 0.2451639 0.2348011 0.2372843 0.1900282 0.2972465 0.2659076 0.2698915 0.2217510 0.1579362 0.1555380 0.1672738 0.1612425 0.1466745 0.1143635 0.1408632 0.1441042 0.1288854 0.0000000 0.0000010 0.0000010 0.0000010 0.0000010 
DHMECN19300_Pristimantis_malliii                     0.2923719 0.3171092 0.3174736 0.3155041 0.3032125 0.2703968 0.3349678 0.3350766 0.2729241 0.2546990 0.2598285 0.2481112 0.2561974 0.1885401 0.3314918 0.2723892 0.2770317 0.2419614 0.1535011 0.1549392 0.1672738 0.1639532 0.1429269 0.1190103 0.1619044 0.1616602 0.1423674 0.0000010 0.0000000 0.0086872 0.0024717 0.0000010 
DHMECN19300_Pristimantis_mallii                      0.3562326 0.3313784 0.3132651 0.3149500 0.3164543 0.2616487 0.3084518 0.3204633 0.2902349 0.2788821 0.2793873 0.2709595 0.2738463 0.1913140 0.3123460 0.2834896 0.2747848 0.2465449 0.1545637 0.1517705 0.1672738 0.1639532 0.1429269 0.1190103 0.1629545 0.1419485 0.1591156 0.0000010 0.0086872 0.0000000 0.0014342 0.0000010 
Pristimantis_sp._QCAZ45945_MZ241502.1                0.2819278 0.3103826 0.3087169 0.3088266 0.2991330 0.2642017 0.3299573 0.3316552 0.2610734 0.2447255 0.2497903 0.2381630 0.2462553 0.1885401 0.3278967 0.2666337 0.2816970 0.2376154 0.1544388 0.1550287 0.1672738 0.1639532 0.1429269 0.1190103 0.1483555 0.1563530 0.1312506 0.0000010 0.0024717 0.0014342 0.0000000 0.0000010 
Pristimantis_sp_QCAZ45720_MZ241490.1                 0.3082850 0.3327848 0.3136338 0.3268295 0.3232675 0.2218376 0.3032795 0.3091058 0.2466178 0.2436872 0.2419090 0.2314895 0.2339932 0.1874438 0.2951592 0.2629248 0.2617975 0.2225533 0.1558389 0.1534070 0.1672738 0.1643816 0.1420069 0.1141913 0.1437869 0.1472981 0.1254744 0.0000010 0.0000010 0.0000010 0.0000010 0.0000000 
