9
MK829659.1 0.0000000 0.2026874 0.1446930 0.1928983 0.2489646 0.2301721 0.2315455 0.2292063 0.2630534 
MK881491.1 0.2026874 0.0000000 0.1404159 0.1822679 0.2917158 0.2844014 0.2865556 0.2335575 0.2443939 
EF493387.1 0.1446930 0.1404159 0.0000000 0.1716657 0.2271712 0.2061683 0.2093687 0.1987593 0.2457503 
EF493672.1 0.1928983 0.1822679 0.1716657 0.0000000 0.0999620 0.0894914 0.0903873 0.1041347 0.1345706 
MK881479.1 0.2489646 0.2917158 0.2271712 0.0999620 0.0000000 0.0616903 0.0607767 0.0889857 0.1621421 
MK881467.1 0.2301721 0.2844014 0.2061683 0.0894914 0.0616903 0.0000000 0.0016323 0.0769688 0.1453794 
MK881483.1 0.2315455 0.2865556 0.2093687 0.0903873 0.0607767 0.0016323 0.0000000 0.0764081 0.1457237 
EF493349.1 0.2292063 0.2335575 0.1987593 0.1041347 0.0889857 0.0769688 0.0764081 0.0000000 0.1526104 
MZ241502.1 0.2630534 0.2443939 0.2457503 0.1345706 0.1621421 0.1453794 0.1457237 0.1526104 0.0000000 
